2462
3365
3605
3692
3699
3745
3768
3929
3995
15526
15582
15790
15838
15858
15895
16440
17629
17652
17693
17702
17712
17713
17761
17814
17820
17831
17962
18155
18539
18827
18856
19110
19385
19443
19463
19465
19516
19604
19739
19810
19920
19927
19933
19944
19956
19976
20005
20013
20102
20107
20109
20110
20118
20119
20126
20127
20149
20157
20174
20193
20248
20279
20344
20360
20434
20438
20450
20460
20465
20494
20512
20523
20538
20541
20559
20695
20733
20753
20804
20860
20864
20868
20876
20885
20886
20892
20998
21006
21068
21098
21199
21258
21265
21271
21273
21286
21292
21340
21423
21446
21447
21448
21452
21455
21457
21458
21459
21461
21462
21463
21466
21468
21525
21543
21690
21715
21737
21791
21793
21795
21801
21803
21851
21855
21856
21867
21870
21879
21885
21891
21900
21901
21969
21973
21994
21998
22867
22868
22872
22881
22904
22918
22920
22948
